307	241209160441	E new pitlog
308	241209160442	LR 0127 0000000000000001
309	241209160443	LR 0127 0000000000000002
310	241209160444	# 2
311	241209160445	LR 0127 0000000000000003
312	241209160448	LR 0127 0000000000000004
313	241209160449	LR 0127 0000000000000005
314	241209160450	LR 0127 0000000000000006
315	241209160451	# 2
316	241209160452	LR 0127 0000000000000007
317	241209160455	LR 0127 0000000000000008
318	241209160456	LR 0127 0000000000000009
319	241209160457	LR 0127 0000000000000010
320	241209160459	# 2
321	241209160459	LR 0127 0000000000000011
322	241209160502	LR 0127 0000000000000012
323	241209160504	LR 0127 0000000000000013
324	241209160505	LR 0127 0000000000000014
325	241209160506	# 2
326	241209160506	LR 0127 0000000000000015
327	241209160510	LR 0127 0000000000000016
328	241209160511	LR 0127 0000000000000017
329	241209160512	LR 0127 0000000000000018
330	241209160513	# 2
331	241209160513	LR 0127 0000000000000019
332	241209160517	LR 0127 0000000000000020
333	241209160518	LR 0127 0000000000000021
334	241209160519	LR 0127 0000000000000022
335	241209160520	# 2
336	241209160521	LR 0127 0000000000000023
337	241209160524	LR 0127 0000000000000024
338	241209160525	LR 0127 0000000000000025
339	241209160526	LR 0127 0000000000000026
340	241209160527	# 2
341	241209160528	LR 0127 0000000000000027
342	241209160531	LR 0127 0000000000000028
343	241209160532	LR 0127 0000000000000029
344	241209160534	LR 0127 0000000000000030
345	241209160535	# 2
346	241209160535	LR 0127 0000000000000031
347	241209160538	LR 0127 0000000000000032
348	241209160540	LR 0127 0000000000000033
349	241209160541	LR 0127 0000000000000034
350	241209160542	# 2
351	241209160542	LR 0127 0000000000000035
352	241209160546	LR 0127 0000000000000036
353	241209160547	LR 0127 0000000000000037
354	241209160548	LR 0127 0000000000000038
355	241209160549	# 2
356	241209160550	LR 0127 0000000000000039
357	241209160553	LR 0127 0000000000000040
358	241209160554	LR 0127 0000000000000041
359	241209160555	LR 0127 0000000000000042
360	241209160556	# 2
361	241209160557	LR 0127 0000000000000043
362	241209160600	LR 0127 0000000000000044
363	241209160601	LR 0127 0000000000000045
364	241209160602	LR 0127 0000000000000046
365	241209160603	# 2
366	241209160604	LR 0127 0000000000000047
367	241209160607	LR 0127 0000000000000048
368	241209160608	LR 0127 0000000000000049
369	241209160610	LR 0127 0000000000000050
370	241209160611	# 2
371	241209160611	LR 0127 0000000000000051
372	241209160614	LR 0127 0000000000000052
373	241209160616	LR 0127 0000000000000053
374	241209160617	LR 0127 0000000000000054
375	241209160618	# 2
376	241209160618	LR 0127 0000000000000055
377	241209160622	LR 0127 0000000000000056
378	241209160623	LR 0127 0000000000000057
379	241209160624	LR 0127 0000000000000058
380	241209160625	# 2
381	241209160626	LR 0127 0000000000000059
382	241209160629	LR 0127 0000000000000060
383	241209160630	LR 0127 0000000000000061
384	241209160631	LR 0127 0000000000000062
385	241209160632	# 2
386	241209160633	LR 0127 0000000000000063
387	241209160636	LR 0127 0000000000000064
388	241209160637	LR 0127 0000000000000065
389	241209160638	LR 0127 0000000000000066
390	241209160639	# 2
391	241209160640	LR 0127 0000000000000067
392	241209160643	LR 0127 0000000000000068
393	241209160644	LR 0127 0000000000000069
394	241209160646	LR 0127 0000000000000070
395	241209160647	# 2
396	241209160647	LR 0127 0000000000000071
397	241209160650	LR 0127 0000000000000072
398	241209160652	LR 0127 0000000000000073
399	241209160653	LR 0127 0000000000000074
400	241209160654	# 2
401	241209160654	LR 0127 0000000000000075
402	241209160658	LR 0127 0000000000000076
403	241209160659	LR 0127 0000000000000077
404	241209160700	LR 0127 0000000000000078
405	241209160701	# 2
406	241209160702	LR 0127 0000000000000079
407	241209160705	LR 0127 0000000000000080
408	241209160706	LR 0127 0000000000000081
409	241209160707	LR 0127 0000000000000082
410	241209160708	# 2
411	241209160709	LR 0127 0000000000000083
412	241209160712	LR 0127 0000000000000084
413	241209160713	LR 0127 0000000000000085
414	241209160714	LR 0127 0000000000000086
415	241209160716	# 2
416	241209160716	LR 0127 0000000000000087
417	241209160719	LR 0127 0000000000000088
418	241209160720	LR 0127 0000000000000089
419	241209160722	LR 0127 0000000000000090
420	241209160723	# 2
421	241209160723	LR 0127 0000000000000091
422	241209160726	LR 0127 0000000000000092
423	241209160728	LR 0127 0000000000000093
424	241209160729	LR 0127 0000000000000094
425	241209160730	# 2
426	241209160730	LR 0127 0000000000000095
427	241209160734	LR 0127 0000000000000096
428	241209160735	LR 0127 0000000000000097
429	241209160736	LR 0127 0000000000000098
