16	241209155128	E new pitlog
17	241209155128	LR 0127 0000000000000805
18	241209155129	LR 0127 0000000000000806
19	241209155130	# 2
20	241209155131	LR 0127 0000000000000807
21	241209155134	LR 0127 0000000000000808
22	241209155135	LR 0127 0000000000000809
23	241209155136	LR 0127 0000000000000810
24	241209155137	# 2
25	241209155138	LR 0127 0000000000000811
26	241209155141	LR 0127 0000000000000812
27	241209155142	LR 0127 0000000000000813
28	241209155143	LR 0127 0000000000000814
29	241209155144	# 2
30	241209155145	LR 0127 0000000000000815
31	241209155148	LR 0127 0000000000000816
32	241209155149	LR 0127 0000000000000817
33	241209155151	LR 0127 0000000000000818
34	241209155152	# 2
35	241209155152	LR 0127 0000000000000819
36	241209155155	LR 0127 0000000000000820
37	241209155157	LR 0127 0000000000000821
38	241209155158	LR 0127 0000000000000822
39	241209155159	# 2
40	241209155159	LR 0127 0000000000000823
41	241209155203	LR 0127 0000000000000824
42	241209155204	LR 0127 0000000000000825
43	241209155205	LR 0127 0000000000000826
44	241209155206	# 2
45	241209155207	LR 0127 0000000000000827
46	241209155210	LR 0127 0000000000000828
47	241209155211	LR 0127 0000000000000829
48	241209155212	LR 0127 0000000000000830
49	241209155213	# 2
50	241209155214	LR 0127 0000000000000831
51	241209155217	LR 0127 0000000000000832
52	241209155218	LR 0127 0000000000000833
53	241209155220	LR 0127 0000000000000834
54	241209155221	# 2
55	241209155221	LR 0127 0000000000000835
56	241209155224	LR 0127 0000000000000836
57	241209155226	LR 0127 0000000000000837
58	241209155227	LR 0127 0000000000000838
59	241209155228	# 2
60	241209155228	LR 0127 0000000000000839
61	241209155231	LR 0127 0000000000000840
62	241209155233	LR 0127 0000000000000841
63	241209155234	LR 0127 0000000000000842
64	241209155235	# 2
65	241209155236	LR 0127 0000000000000843
66	241209155239	LR 0127 0000000000000844
67	241209155240	LR 0127 0000000000000845
68	241209155241	LR 0127 0000000000000846
69	241209155242	# 2
70	241209155243	LR 0127 0000000000000847
71	241209155246	LR 0127 0000000000000848
72	241209155247	LR 0127 0000000000000849
73	241209155248	LR 0127 0000000000000850
74	241209155249	# 2
75	241209155250	LR 0127 0000000000000851
76	241209155253	LR 0127 0000000000000852
77	241209155254	LR 0127 0000000000000853
78	241209155256	LR 0127 0000000000000854
79	241209155257	# 2
80	241209155257	LR 0127 0000000000000855
81	241209155300	LR 0127 0000000000000856
82	241209155302	LR 0127 0000000000000857
83	241209155303	LR 0127 0000000000000858
84	241209155304	# 2
85	241209155304	LR 0127 0000000000000859
86	241209155308	LR 0127 0000000000000860
87	241209155309	LR 0127 0000000000000861
88	241209155310	LR 0127 0000000000000862
89	241209155311	# 2
90	241209155312	LR 0127 0000000000000863
91	241209155315	LR 0127 0000000000000864
92	241209155316	LR 0127 0000000000000865
93	241209155317	LR 0127 0000000000000866
94	241209155318	# 2
95	241209155319	LR 0127 0000000000000867
96	241209155322	LR 0127 0000000000000868
97	241209155323	LR 0127 0000000000000869
98	241209155324	LR 0127 0000000000000870
99	241209155325	# 2
100	241209155326	LR 0127 0000000000000871
101	241209155329	LR 0127 0000000000000872
102	241209155330	LR 0127 0000000000000873
103	241209155332	LR 0127 0000000000000874
104	241209155333	# 2
105	241209155333	LR 0127 0000000000000875
106	241209155336	LR 0127 0000000000000876
107	241209155338	LR 0127 0000000000000877
108	241209155339	LR 0127 0000000000000878
109	241209155340	# 2
110	241209155340	LR 0127 0000000000000879
111	241209155344	LR 0127 0000000000000880
112	241209155345	LR 0127 0000000000000881
113	241209155346	LR 0127 0000000000000882
114	241209155347	# 2
115	241209155348	LR 0127 0000000000000883
116	241209155351	LR 0127 0000000000000884
117	241209155352	LR 0127 0000000000000885
118	241209155353	LR 0127 0000000000000886
119	241209155354	# 2
120	241209155355	LR 0127 0000000000000887
121	241209155358	LR 0127 0000000000000888
122	241209155359	LR 0127 0000000000000889
123	241209155400	LR 0127 0000000000000890
124	241209155401	# 2
125	241209155402	LR 0127 0000000000000891
126	241209155405	LR 0127 0000000000000892
127	241209155406	LR 0127 0000000000000893
128	241209155408	LR 0127 0000000000000894
129	241209155409	# 2
130	241209155409	LR 0127 0000000000000895
131	241209155412	LR 0127 0000000000000896
132	241209155414	LR 0127 0000000000000897
133	241209155415	LR 0127 0000000000000898
134	241209155416	# 2
135	241209155416	LR 0127 0000000000000899
136	241209155420	LR 0127 0000000000000900
137	241209155421	LR 0127 0000000000000901
138	241209155422	LR 0127 0000000000000902
139	241209155423	# 2
140	241209155424	LR 0127 0000000000000903
141	241209155427	LR 0127 0000000000000904
142	241209155428	LR 0127 0000000000000905
143	241209155429	LR 0127 0000000000000906
144	241209155430	# 2
145	241209155431	LR 0127 0000000000000907
146	241209155434	LR 0127 0000000000000908
147	241209155435	LR 0127 0000000000000909
148	241209155436	LR 0127 0000000000000910
149	241209155438	# 2
150	241209155438	LR 0127 0000000000000911
151	241209155441	LR 0127 0000000000000912
152	241209155442	LR 0127 0000000000000913
153	241209155444	LR 0127 0000000000000914
154	241209155445	# 2
155	241209155445	LR 0127 0000000000000915
156	241209155448	LR 0127 0000000000000916
157	241209155450	LR 0127 0000000000000917
158	241209155451	LR 0127 0000000000000918
159	241209155452	# 2
160	241209155452	LR 0127 0000000000000919
161	241209155456	LR 0127 0000000000000920
162	241209155457	LR 0127 0000000000000921
163	241209155458	LR 0127 0000000000000922
164	241209155459	# 2
165	241209155500	LR 0127 0000000000000923
166	241209155503	LR 0127 0000000000000924
167	241209155504	LR 0127 0000000000000925
168	241209155505	LR 0127 0000000000000926
169	241209155506	# 2
170	241209155507	LR 0127 0000000000000927
171	241209155510	LR 0127 0000000000000928
172	241209155511	LR 0127 0000000000000929
173	241209155512	LR 0127 0000000000000930
174	241209155514	# 2
175	241209155514	LR 0127 0000000000000931
176	241209155517	LR 0127 0000000000000932
177	241209155518	LR 0127 0000000000000933
178	241209155520	LR 0127 0000000000000934
179	241209155521	# 2
180	241209155521	LR 0127 0000000000000935
181	241209155525	LR 0127 0000000000000936
182	241209155526	LR 0127 0000000000000937
183	241209155527	LR 0127 0000000000000938
184	241209155528	# 2
185	241209155529	LR 0127 0000000000000939
186	241209155532	LR 0127 0000000000000940
187	241209155533	LR 0127 0000000000000941
188	241209155534	LR 0127 0000000000000942
189	241209155535	# 2
190	241209155536	LR 0127 0000000000000943
191	241209155539	LR 0127 0000000000000944
192	241209155540	LR 0127 0000000000000945
193	241209155541	LR 0127 0000000000000946
194	241209155542	# 2
195	241209155543	LR 0127 0000000000000947
196	241209155546	LR 0127 0000000000000948
197	241209155547	LR 0127 0000000000000949
198	241209155548	LR 0127 0000000000000950
199	241209155550	# 2
200	241209155550	LR 0127 0000000000000951
201	241209155553	LR 0127 0000000000000952
202	241209155555	LR 0127 0000000000000953
203	241209155556	LR 0127 0000000000000954
204	241209155557	# 2
205	241209155557	LR 0127 0000000000000955
206	241209155601	LR 0127 0000000000000956
207	241209155602	LR 0127 0000000000000957
208	241209155603	LR 0127 0000000000000958
209	241209155604	# 2
210	241209155605	LR 0127 0000000000000959
211	241209155608	LR 0127 0000000000000960
212	241209155609	LR 0127 0000000000000961
213	241209155610	LR 0127 0000000000000962
214	241209155611	# 2
215	241209155612	LR 0127 0000000000000963
216	241209155615	LR 0127 0000000000000964
217	241209155616	LR 0127 0000000000000965
218	241209155617	LR 0127 0000000000000966
219	241209155618	# 2
220	241209155619	LR 0127 0000000000000967
221	241209155622	LR 0127 0000000000000968
222	241209155623	LR 0127 0000000000000969
223	241209155625	LR 0127 0000000000000970
224	241209155626	# 2
225	241209155626	LR 0127 0000000000000971
226	241209155629	LR 0127 0000000000000972
227	241209155631	LR 0127 0000000000000973
228	241209155632	LR 0127 0000000000000974
229	241209155633	# 2
230	241209155633	LR 0127 0000000000000975
231	241209155637	LR 0127 0000000000000976
232	241209155638	LR 0127 0000000000000977
233	241209155639	LR 0127 0000000000000978
234	241209155640	# 2
235	241209155641	LR 0127 0000000000000979
236	241209155644	LR 0127 0000000000000980
237	241209155645	LR 0127 0000000000000981
238	241209155646	LR 0127 0000000000000982
239	241209155647	# 2
240	241209155648	LR 0127 0000000000000983
241	241209155651	LR 0127 0000000000000984
242	241209155652	LR 0127 0000000000000985
243	241209155653	LR 0127 0000000000000986
244	241209155654	# 2
245	241209155655	LR 0127 0000000000000987
246	241209155658	LR 0127 0000000000000988
247	241209155659	LR 0127 0000000000000989
248	241209155701	LR 0127 0000000000000990
249	241209155702	# 2
250	241209155702	LR 0127 0000000000000991
251	241209155705	LR 0127 0000000000000992
252	241209155707	LR 0127 0000000000000993
253	241209155708	LR 0127 0000000000000994
254	241209155709	# 2
255	241209155709	LR 0127 0000000000000995
256	241209155713	LR 0127 0000000000000996
257	241209155714	LR 0127 0000000000000997
258	241209155715	LR 0127 0000000000000998
259	241209155716	# 2
260	241209155717	LR 0127 0000000000000999
261	241209155720	LR 0127 0000000000001000
262	241209155721	LR 0127 0000000000001001
263	241209155722	LR 0127 0000000000001002
264	241209155723	# 2
265	241209155724	LR 0127 0000000000001003
266	241209155727	LR 0127 0000000000001004
267	241209155728	LR 0127 0000000000001005
268	241209155729	LR 0127 0000000000001006
269	241209155730	# 2
270	241209155731	LR 0127 0000000000001007
271	241209155734	LR 0127 0000000000001008
272	241209155735	LR 0127 0000000000001009
273	241209155737	LR 0127 0000000000001010
274	241209155738	# 2
275	241209155738	LR 0127 0000000000001011
276	241209155741	LR 0127 0000000000001012
277	241209155743	LR 0127 0000000000001013
278	241209155744	LR 0127 0000000000001014
279	241209155745	# 2
280	241209155745	LR 0127 0000000000001015
281	241209155749	LR 0127 0000000000001016
282	241209155750	LR 0127 0000000000001017
283	241209155751	LR 0127 0000000000001018
284	241209155752	# 2
285	241209155753	LR 0127 0000000000001019
286	241209155756	LR 0127 0000000000001020
287	241209155757	LR 0127 0000000000001021
288	241209155758	LR 0127 0000000000001022
289	241209155759	# 2
290	241209155800	LR 0127 0000000000001023
291	241209155803	LR 0127 0000000000001024
292	241209155804	LR 0127 0000000000001025
293	241209155805	LR 0127 0000000000001026
294	241209155807	# 2
295	241209155807	LR 0127 0000000000001027
296	241209155810	LR 0127 0000000000001028
297	241209155811	LR 0127 0000000000001029
298	241209155813	LR 0127 0000000000001030
299	241209155814	# 2
300	241209155814	LR 0127 0000000000001031
301	241209155819	E timeout
302	241209160031	E restart
303	241209160033	LR 0127 0000000000000001
304	241209160034	# 2
305	241209160035	LR 0127 0000000000000002
306	241209160039	LR 0127 0000000000000003
307	241209160043	LR 0127 0000000000000004
308	241209160050	LR 0127 0000000000000005
309	241209160053	LR 0127 0000000000000006
310	241209160054	# 2
311	241209160055	LR 0127 0000000000000007
312	241209160059	LR 0127 0000000000000008
313	241209160103	LR 0127 0000000000000009
314	241209160110	E timeout
315	241209160112	R 0127 000000000LI
316	241209160112	E restart
317	241209160112	LR 0127 0000000000000011
318	241209160119	E timeout
319	241209160121	E restart
320	241209160126	E timeout
